[array([[ 1,  2,  3,  4,  5],
       [ 6,  7,  8,  9, 10],
       [11, 12, 13, 14, 15],
       [16, 17, 18, 19, 20],
       [21, 22, 23, 24, 25],
       [26, 27, 28, 29, 30],
       [31, 32, 33, 34, 35],
       [36, 37, 38, 39, 40],
       [41, 42, 43, 44, 45]]), 9, 5, 45]
[array([[ 1,  2,  3,  4,  5,  6,  7,  8,  9],
       [10, 11, 12, 13, 14, 15, 16, 17, 18],
       [19, 20, 21, 22, 23, 24, 25, 26, 27],
       [28, 29, 30, 31, 32, 33, 34, 35, 36]]), 4, 9, 36]
[array([[ 1,  2,  3,  4,  5,  6,  7,  8,  9],
       [10, 11, 12, 13, 14, 15, 16, 17, 18],
       [19, 20, 21, 22, 23, 24, 25, 26, 27],
       [28, 29, 30, 31, 32, 33, 34, 35, 36]]), 4, 9, 36]
[array([[ 1,  2,  3,  4,  5,  6,  7,  8],
       [ 9, 10, 11, 12, 13, 14, 15, 16],
       [17, 18, 19, 20, 21, 22, 23, 24]]), 3, 8, 24]
[array([[ 1,  2,  3],
       [ 4,  5,  6],
       [ 7,  8,  9],
       [10, 11, 12],
       [13, 14, 15]]), 5, 3, 15]
[array([[1, 2, 3, 4, 5, 6, 7, 8, 9]]), 1, 9, 9]
[array([[1],
       [2],
       [3],
       [4],
       [5],
       [6],
       [7],
       [8]]), 8, 1, 8]
[array([[1, 2],
       [3, 4],
       [5, 6],
       [7, 8]]), 4, 2, 8]
[array([[1],
       [2],
       [3],
       [4],
       [5],
       [6],
       [7]]), 7, 1, 7]
[array([[1, 2, 3]]), 1, 3, 3]
